<?xml version="1.0"?>
<opencv_storage>
<object_width>4.0999999999999996e+00</object_width>
<object_length>3.8999999999999999e+00</object_length>
<object_height>5.0000000000000000e-01</object_height>
<object_hole_radius>2.7500000000000000e+00</object_hole_radius>
<object_side_angle>45.</object_side_angle>
</opencv_storage>
